20062 934
14599 20567
12627 11416
17932 12324
19140 24210
23576 2044
4106 23809
18866 8547
20574 15568
14746 25139
24559 24578
20000 8187
15311 7525
12051 13837
24453 1685
543 18140
9616 4298
16651 7882
12386 22699
20014 7578
19781 18314
17137 6443
17137 23529
20635 14007
22483 10931
25948 23293
12311 2287
13199 23293
7882 2846
19378 10130
12141 12806
11824 10235
12851 23114
5271 22618
934 24705
7829 14123
4512 26196
20662 5156
22879 14265
13859 5608
5825 2630
5825 2115
7824 10117
18952 19707
9763 5655
12118 13283
4146 3265
10711 19489
16817 22319
11824 5065
4724 9593
9907 8916
21012 25139
25896 4106
934 14638
11182 15695
23713 13989
7829 25378
193 5441
9722 25139
21089 22265
1258 19974
23114 25304
19573 3839
3916 20662
23529 6443
17968 20184
22887 16881
15683 25729
3677 19723
1278 21543
1278 22319
16594 20014
6944 14542
6154 15414
21930 5352
3561 773
19161 18879
10268 21100
4302 11372
4146 20940
7277 10381
16162 16324
24559 7625
24559 10500
16174 1520
11785 2072
7956 22779
193 18444
19781 25864
1674 4104
13480 20853
22601 1058
21798 19974
17688 20662
23770 3377
23770 23233
25439 18866
25439 8547
18866 26193
